/Users/christopher/Documents/GitHub/BindsNET_GridCells/venv/bin/python /Users/christopher/Documents/GitHub/BindsNET_GridCells/scripts/Chris/DQN/pipeline_executor_2.py
################
## Grid Cells ##
################

Position: ((0, 0)),
	Top GCs: [152, 135, 59, 17, 0, 99, 173, 163, 160, 120, 80, 73, 38, 28, 25],
	Firing Rates: [8.0, 8.0, 8.0, 8.0, 8.0, 6.0, 5.0, 5.0, 5.0, 5.0, 5.0, 5.0, 5.0, 5.0, 5.0]
Position: ((0, 1)),
	Top GCs: [128, 116, 176, 166, 123, 101, 76, 51, 41, 31, 158, 105, 68, 23],
	Firing Rates: [7.0, 7.0, 6.0, 6.0, 6.0, 6.0, 6.0, 6.0, 6.0, 6.0, 5.0, 5.0, 5.0, 5.0]
Position: ((0, 2)),
	Top GCs: [81, 111, 14, 19, 64, 107, 6, 141, 149, 154, 169, 44, 34, 179, 131, 79, 118, 56],
	Firing Rates: [8.0, 8.0, 8.0, 8.0, 8.0, 8.0, 8.0, 8.0, 8.0, 8.0, 7.0, 7.0, 7.0, 7.0, 6.0, 6.0, 5.0, 5.0]
Position: ((0, 3)),
	Top GCs: [135, 84, 0, 105, 55, 70, 171, 160, 134, 121, 36, 25],
	Firing Rates: [8.0, 8.0, 8.0, 7.0, 7.0, 6.0, 5.0, 5.0, 5.0, 5.0, 5.0, 5.0]
Position: ((0, 4)),
	Top GCs: [87, 90, 174, 165, 146, 126, 116, 39, 30, 11],
	Firing Rates: [7.0, 6.0, 5.0, 5.0, 5.0, 5.0, 5.0, 5.0, 5.0, 5.0]
Position: ((1, 0)),
	Top GCs: [136, 58, 1, 71, 121, 92, 74, 171, 151, 108, 36, 16],
	Firing Rates: [8.0, 8.0, 8.0, 7.0, 6.0, 6.0, 6.0, 5.0, 5.0, 5.0, 5.0, 5.0]
Position: ((1, 1)),
	Top GCs: [157, 52, 22, 124, 114, 77, 67, 174, 39, 167, 147, 126, 32, 12],
	Firing Rates: [8.0, 8.0, 8.0, 7.0, 7.0, 7.0, 7.0, 6.0, 6.0, 5.0, 5.0, 5.0, 5.0, 5.0]
Position: ((1, 2)),
	Top GCs: [142, 106, 82, 7, 177, 113, 80, 42, 170, 153, 90, 35, 18, 148, 49, 13],
	Firing Rates: [8.0, 8.0, 8.0, 8.0, 7.0, 7.0, 7.0, 7.0, 6.0, 6.0, 6.0, 6.0, 6.0, 5.0, 5.0, 5.0]
Position: ((1, 3)),
	Top GCs: [136, 108, 85, 1, 144, 51, 9, 172, 54, 37, 163, 28],
	Firing Rates: [8.0, 8.0, 8.0, 8.0, 7.0, 7.0, 7.0, 6.0, 6.0, 6.0, 5.0, 5.0]
Position: ((1, 4)),
	Top GCs: [91, 114, 88, 67, 175, 166, 154, 127, 56, 48, 40, 31, 19, 132, 78],
	Firing Rates: [8.0, 7.0, 7.0, 7.0, 6.0, 6.0, 6.0, 6.0, 6.0, 6.0, 6.0, 6.0, 6.0, 5.0, 5.0]
Position: ((2, 0)),
	Top GCs: [151, 137, 84, 16, 2, 57, 48, 122, 110, 101, 172, 105, 70, 37],
	Firing Rates: [8.0, 8.0, 8.0, 8.0, 8.0, 7.0, 7.0, 6.0, 6.0, 6.0, 5.0, 5.0, 5.0, 5.0]
Position: ((2, 1)),
	Top GCs: [156, 116, 87, 59, 21, 125, 107, 45, 175, 165, 94, 68, 40, 30],
	Firing Rates: [8.0, 8.0, 8.0, 8.0, 8.0, 7.0, 7.0, 6.0, 5.0, 5.0, 5.0, 5.0, 5.0, 5.0]
Position: ((2, 2)),
	Top GCs: [8, 143, 117, 111, 83, 64, 50, 13, 148, 43, 19, 33, 178, 168, 105, 154, 90],
	Firing Rates: [8.0, 8.0, 8.0, 8.0, 8.0, 8.0, 8.0, 7.0, 7.0, 6.0, 6.0, 6.0, 6.0, 6.0, 6.0, 6.0, 6.0]
Position: ((2, 3)),
	Top GCs: [137, 70, 2, 173, 120, 86, 38, 164, 146, 110, 95, 56, 29, 11],
	Firing Rates: [8.0, 8.0, 8.0, 7.0, 7.0, 7.0, 7.0, 6.0, 6.0, 6.0, 6.0, 6.0, 6.0, 6.0]
Position: ((2, 4)),
	Top GCs: [176, 167, 128, 123, 89, 55, 49, 41, 32, 153, 18, 145, 116, 102, 10],
	Firing Rates: [7.0, 7.0, 7.0, 7.0, 7.0, 7.0, 7.0, 7.0, 7.0, 6.0, 6.0, 5.0, 5.0, 5.0, 5.0]
Position: ((3, 0)),
	Top GCs: [150, 135, 85, 15, 0, 129, 108, 90, 71, 159, 73, 24],
	Firing Rates: [8.0, 8.0, 8.0, 8.0, 8.0, 7.0, 6.0, 6.0, 6.0, 5.0, 5.0, 5.0]
Position: ((3, 1)),
	Top GCs: [106, 58, 132, 88, 67, 46, 94, 176, 158, 114, 76, 41, 23],
	Firing Rates: [8.0, 8.0, 7.0, 7.0, 7.0, 7.0, 6.0, 5.0, 5.0, 5.0, 5.0, 5.0, 5.0]
Position: ((3, 2)),
	Top GCs: [153, 141, 113, 18, 6, 147, 118, 91, 12, 179, 169, 107, 44, 34],
	Firing Rates: [8.0, 8.0, 8.0, 8.0, 8.0, 7.0, 7.0, 7.0, 7.0, 5.0, 5.0, 5.0, 5.0, 5.0]
Position: ((3, 3)),
	Top GCs: [135, 108, 0, 171, 162, 121, 36, 27, 146, 11, 159, 45, 24],
	Firing Rates: [8.0, 8.0, 8.0, 7.0, 7.0, 7.0, 7.0, 7.0, 6.0, 6.0, 5.0, 5.0, 5.0]
Position: ((3, 4)),
	Top GCs: [174, 165, 104, 67, 39, 30, 124, 92, 54, 144, 114, 97, 49, 9],
	Firing Rates: [8.0, 8.0, 8.0, 8.0, 8.0, 8.0, 6.0, 6.0, 6.0, 5.0, 5.0, 5.0, 5.0, 5.0]
Position: ((4, 0)),
	Top GCs: [136, 110, 1, 130, 107, 86, 74, 150, 118, 98, 70, 15],
	Firing Rates: [8.0, 8.0, 8.0, 7.0, 7.0, 7.0, 6.0, 5.0, 5.0, 5.0, 5.0, 5.0]
Position: ((4, 1)),
	Top GCs: [133, 116, 95, 89, 57, 156, 105, 77, 21, 148, 46, 13],
	Firing Rates: [8.0, 8.0, 8.0, 7.0, 7.0, 6.0, 6.0, 6.0, 6.0, 5.0, 5.0, 5.0]
Position: ((4, 2)),
	Top GCs: [142, 96, 59, 7, 155, 20, 119, 111, 81, 64, 147, 80, 72, 12],
	Firing Rates: [8.0, 8.0, 8.0, 8.0, 7.0, 7.0, 6.0, 6.0, 6.0, 6.0, 5.0, 5.0, 5.0, 5.0]
Position: ((4, 3)),
	Top GCs: [172, 163, 28, 37, 70, 1, 136, 110, 45, 145, 10, 93, 75, 122, 84, 102, 57],
	Firing Rates: [8.0, 8.0, 8.0, 8.0, 8.0, 8.0, 8.0, 7.0, 7.0, 7.0, 7.0, 6.0, 6.0, 6.0, 6.0, 5.0, 5.0]
Position: ((4, 4)),
	Top GCs: [175, 166, 103, 40, 31, 78, 97, 87, 56, 50, 153, 125, 18],
	Firing Rates: [8.0, 8.0, 8.0, 8.0, 8.0, 7.0, 6.0, 6.0, 6.0, 6.0, 5.0, 5.0, 5.0]
Positions (0, 0) and (0, 3) share {0, 25, 160, 135} Grid Cells.
Positions (0, 0) and (1, 3) share {163, 28} Grid Cells.
Positions (0, 0) and (2, 3) share {120, 173, 38} Grid Cells.
Positions (0, 0) and (3, 0) share {0, 73, 135} Grid Cells.
Positions (0, 0) and (3, 3) share {0, 135} Grid Cells.
Positions (0, 0) and (4, 2) share {80, 59} Grid Cells.
Positions (0, 0) and (4, 3) share {163, 28} Grid Cells.
Positions (0, 1) and (1, 4) share {166, 31} Grid Cells.
Positions (0, 1) and (2, 0) share {105, 101} Grid Cells.
Positions (0, 1) and (2, 1) share {116, 68} Grid Cells.
Positions (0, 1) and (2, 4) share {128, 41, 176, 116, 123} Grid Cells.
Positions (0, 1) and (3, 1) share {41, 76, 176, 23, 158} Grid Cells.
Positions (0, 1) and (4, 1) share {105, 116} Grid Cells.
Positions (0, 1) and (4, 4) share {166, 31} Grid Cells.
Positions (0, 2) and (1, 4) share {56, 154, 19} Grid Cells.
Positions (0, 2) and (2, 2) share {64, 154, 19, 111} Grid Cells.
Positions (0, 2) and (3, 2) share {34, 6, 169, 107, 44, 141, 179, 118} Grid Cells.
Positions (0, 2) and (4, 0) share {107, 118} Grid Cells.
Positions (0, 2) and (4, 2) share {64, 81, 111} Grid Cells.
Positions (0, 3) and (1, 0) share {121, 171, 36} Grid Cells.
Positions (0, 3) and (2, 0) share {105, 84, 70} Grid Cells.
Positions (0, 3) and (3, 0) share {0, 135} Grid Cells.
Positions (0, 3) and (3, 3) share {0, 36, 135, 171, 121} Grid Cells.
Positions (0, 3) and (4, 3) share {84, 70} Grid Cells.
Positions (0, 4) and (1, 1) share {126, 174, 39} Grid Cells.
Positions (0, 4) and (2, 1) share {116, 165, 30, 87} Grid Cells.
Positions (0, 4) and (2, 3) share {146, 11} Grid Cells.
Positions (0, 4) and (3, 3) share {146, 11} Grid Cells.
Positions (0, 4) and (3, 4) share {30, 165, 174, 39} Grid Cells.
Positions (1, 0) and (1, 3) share {136, 1, 108} Grid Cells.
Positions (1, 0) and (2, 0) share {16, 151} Grid Cells.
Positions (1, 0) and (3, 0) share {108, 71} Grid Cells.
Positions (1, 0) and (3, 3) share {108, 121, 171, 36} Grid Cells.
Positions (1, 0) and (4, 0) share {136, 1, 74} Grid Cells.
Positions (1, 0) and (4, 3) share {136, 1} Grid Cells.
Positions (1, 1) and (1, 4) share {114, 67} Grid Cells.
Positions (1, 1) and (2, 4) share {32, 167} Grid Cells.
Positions (1, 1) and (3, 1) share {114, 67} Grid Cells.
Positions (1, 1) and (3, 2) share {147, 12} Grid Cells.
Positions (1, 1) and (3, 4) share {67, 39, 174, 114, 124} Grid Cells.
Positions (1, 1) and (4, 2) share {147, 12} Grid Cells.
Positions (1, 2) and (2, 2) share {90, 148, 13} Grid Cells.
Positions (1, 2) and (2, 4) share {153, 18, 49} Grid Cells.
Positions (1, 2) and (3, 2) share {113, 18, 153} Grid Cells.
Positions (1, 2) and (4, 1) share {148, 13} Grid Cells.
Positions (1, 2) and (4, 2) share {80, 142, 7} Grid Cells.
Positions (1, 2) and (4, 4) share {153, 18} Grid Cells.
Positions (1, 3) and (2, 0) share {172, 37} Grid Cells.
Positions (1, 3) and (3, 0) share {108, 85} Grid Cells.
Positions (1, 3) and (3, 4) share {144, 9, 54} Grid Cells.
Positions (1, 3) and (4, 0) share {136, 1} Grid Cells.
Positions (1, 3) and (4, 3) share {1, 163, 37, 136, 172, 28} Grid Cells.
Positions (1, 4) and (2, 1) share {40, 175} Grid Cells.
Positions (1, 4) and (2, 2) share {154, 19} Grid Cells.
Positions (1, 4) and (3, 1) share {88, 114, 67, 132} Grid Cells.
Positions (1, 4) and (3, 4) share {114, 67} Grid Cells.
Positions (1, 4) and (4, 4) share {166, 40, 78, 175, 56, 31} Grid Cells.
Positions (2, 0) and (2, 3) share {137, 2, 110, 70} Grid Cells.
Positions (2, 0) and (4, 0) share {110, 70} Grid Cells.
Positions (2, 0) and (4, 1) share {105, 57} Grid Cells.
Positions (2, 0) and (4, 3) share {37, 70, 172, 110, 84, 57, 122} Grid Cells.
Positions (2, 1) and (3, 4) share {165, 30} Grid Cells.
Positions (2, 1) and (4, 1) share {156, 116, 21} Grid Cells.
Positions (2, 1) and (4, 4) share {40, 125, 87, 175} Grid Cells.
Positions (2, 2) and (4, 1) share {105, 148, 13} Grid Cells.
Positions (2, 2) and (4, 2) share {64, 111} Grid Cells.
Positions (2, 3) and (3, 3) share {146, 11} Grid Cells.
Positions (2, 3) and (4, 0) share {86, 110, 70} Grid Cells.
Positions (2, 3) and (4, 3) share {110, 70} Grid Cells.
Positions (2, 4) and (3, 1) share {176, 41} Grid Cells.
Positions (2, 4) and (3, 2) share {153, 18} Grid Cells.
Positions (2, 4) and (4, 1) share {89, 116} Grid Cells.
Positions (2, 4) and (4, 3) share {145, 10, 102} Grid Cells.
Positions (2, 4) and (4, 4) share {153, 18} Grid Cells.
Positions (3, 0) and (3, 3) share {0, 135, 108, 24, 159} Grid Cells.
Positions (3, 0) and (4, 0) share {150, 15} Grid Cells.
Positions (3, 1) and (3, 4) share {114, 67} Grid Cells.
Positions (3, 2) and (4, 0) share {107, 118} Grid Cells.
Positions (3, 2) and (4, 2) share {147, 12} Grid Cells.
Positions (3, 2) and (4, 4) share {153, 18} Grid Cells.
Positions (4, 0) and (4, 3) share {136, 1, 110, 70} Grid Cells.

#####################
## Reservoir Cells ##
#####################

Position: ((0, 0)),
	Top Res Neurons: [1659, 1918, 1260, 112, 444, 999, 1000, 1007, 1257, 1053, 1735, 1082, 1651, 483, 754, 746, 1627, 937, 1797, 1076, 522, 472, 1683, 1814, 1265, 420, 473, 798, 573, 585, 360, 330, 1862, 793, 932, 816, 863, 916, 1689, 1864, 1084, 1094, 1166, 1169, 1652, 1289, 1378, 1455, 1565, 85],
	Firing Rates: [11.0, 8.0, 8.0, 8.0, 8.0, 8.0, 8.0, 8.0, 8.0, 8.0, 8.0, 7.0, 6.0, 6.0, 6.0, 6.0, 6.0, 6.0, 6.0, 6.0, 6.0, 6.0, 6.0, 6.0, 6.0, 6.0, 5.0, 5.0, 5.0, 5.0, 5.0, 5.0, 5.0, 5.0, 5.0, 5.0, 5.0, 5.0, 5.0, 5.0, 5.0, 5.0, 5.0, 5.0, 5.0, 5.0, 5.0, 5.0, 5.0, 5.0]
Position: ((0, 1)),
	Top Res Neurons: [1760, 119, 1624, 1338, 1153, 985, 394, 705, 280, 347, 350, 364, 1966, 843, 1903, 1105, 1589, 1675, 994],
	Firing Rates: [7.0, 6.0, 6.0, 6.0, 6.0, 6.0, 6.0, 5.0, 5.0, 5.0, 5.0, 5.0, 5.0, 5.0, 5.0, 5.0, 5.0, 5.0, 5.0]
Position: ((0, 2)),
	Top Res Neurons: [138, 1241, 653, 1400, 1594, 1354, 1815, 992, 1090, 623, 492, 551, 1244, 111, 697, 1136, 596, 1918, 534, 1327, 523, 1949, 420, 1589, 1609, 281, 278, 228, 1756, 1792, 115, 374, 227, 69, 649, 480, 1120, 829, 1601, 1891, 1819, 1806, 1797, 1763, 1712, 1677, 1628, 1569, 879, 1480, 1350, 1335, 1320, 1228, 1119, 1097, 928, 51],
	Firing Rates: [13.0, 10.0, 8.0, 8.0, 8.0, 8.0, 8.0, 8.0, 7.0, 7.0, 7.0, 7.0, 7.0, 7.0, 7.0, 7.0, 6.0, 6.0, 6.0, 6.0, 6.0, 6.0, 6.0, 6.0, 6.0, 6.0, 6.0, 6.0, 6.0, 6.0, 6.0, 5.0, 5.0, 5.0, 5.0, 5.0, 5.0, 5.0, 5.0, 5.0, 5.0, 5.0, 5.0, 5.0, 5.0, 5.0, 5.0, 5.0, 5.0, 5.0, 5.0, 5.0, 5.0, 5.0, 5.0, 5.0, 5.0, 5.0]
Position: ((0, 3)),
	Top Res Neurons: [571, 1571, 52, 1918, 1570, 1565, 1357, 999, 927, 699, 446],
	Firing Rates: [7.0, 6.0, 6.0, 5.0, 5.0, 5.0, 5.0, 5.0, 5.0, 5.0, 5.0]
Position: ((0, 4)),
	Top Res Neurons: [279, 1678, 407, 415, 1197, 1075, 1689, 735, 1901, 778, 534, 569, 651, 726, 894, 834, 960, 1004, 1039, 1120, 1411, 1412, 1561, 28],
	Firing Rates: [8.0, 6.0, 6.0, 6.0, 6.0, 6.0, 6.0, 6.0, 5.0, 5.0, 5.0, 5.0, 5.0, 5.0, 5.0, 5.0, 5.0, 5.0, 5.0, 5.0, 5.0, 5.0, 5.0, 5.0]
Position: ((1, 0)),
	Top Res Neurons: [367, 1444, 28, 824, 1622, 1079, 1880, 1887, 1710, 1151, 1304, 1273, 1402, 1610, 677, 470, 1873, 230, 150, 71],
	Firing Rates: [8.0, 8.0, 7.0, 7.0, 7.0, 7.0, 6.0, 6.0, 6.0, 6.0, 5.0, 5.0, 5.0, 5.0, 5.0, 5.0, 5.0, 5.0, 5.0, 5.0]
Position: ((1, 1)),
	Top Res Neurons: [347, 1678, 1575, 512, 1931, 1783, 1516, 668, 883, 135, 217, 284, 459, 642, 726, 962, 890, 1904, 1233, 1242, 1309, 1365, 1388, 1586, 1870, 22],
	Firing Rates: [11.0, 7.0, 7.0, 7.0, 6.0, 6.0, 6.0, 6.0, 5.0, 5.0, 5.0, 5.0, 5.0, 5.0, 5.0, 5.0, 5.0, 5.0, 5.0, 5.0, 5.0, 5.0, 5.0, 5.0, 5.0, 5.0]
Position: ((1, 2)),
	Top Res Neurons: [65, 1721, 1631, 1506, 574, 1309, 1773, 1004, 849, 110, 265, 479, 585, 1953, 917, 937, 1362, 1369, 1429, 1694, 1204],
	Firing Rates: [7.0, 7.0, 6.0, 6.0, 6.0, 6.0, 6.0, 6.0, 5.0, 5.0, 5.0, 5.0, 5.0, 5.0, 5.0, 5.0, 5.0, 5.0, 5.0, 5.0, 5.0]
Position: ((1, 3)),
	Top Res Neurons: [1515, 695, 785, 1730, 291, 425, 1142, 1579, 1435, 1411, 763, 1126, 1799, 1988, 474, 501, 360, 1106, 646, 788, 1191, 1306, 1516, 124],
	Firing Rates: [8.0, 7.0, 7.0, 7.0, 7.0, 7.0, 7.0, 6.0, 6.0, 6.0, 6.0, 6.0, 6.0, 5.0, 5.0, 5.0, 5.0, 5.0, 5.0, 5.0, 5.0, 5.0, 5.0, 5.0]
Position: ((1, 4)),
	Top Res Neurons: [1460, 1411, 435, 1815, 870, 1792, 1741, 1603, 1559, 523, 1400, 374, 1860, 474, 469, 254, 207, 111, 498, 1081, 629, 843, 855, 1237, 1242, 1413, 1601, 1796, 18],
	Firing Rates: [9.0, 7.0, 7.0, 7.0, 6.0, 6.0, 6.0, 6.0, 6.0, 6.0, 6.0, 6.0, 5.0, 5.0, 5.0, 5.0, 5.0, 5.0, 5.0, 5.0, 5.0, 5.0, 5.0, 5.0, 5.0, 5.0, 5.0, 5.0, 5.0]
Position: ((2, 0)),
	Top Res Neurons: [1772, 273, 279, 954, 1785, 853, 432, 533, 555, 583, 590, 610, 788, 854, 1784, 858, 1021, 1031, 1161, 1395, 1435, 1573, 1754, 221],
	Firing Rates: [6.0, 6.0, 6.0, 6.0, 5.0, 5.0, 5.0, 5.0, 5.0, 5.0, 5.0, 5.0, 5.0, 5.0, 5.0, 5.0, 5.0, 5.0, 5.0, 5.0, 5.0, 5.0, 5.0, 5.0]
Position: ((2, 1)),
	Top Res Neurons: [1128, 890, 1949, 812, 474, 1516, 1870, 737, 1589, 886, 643, 564, 965, 517, 457, 380, 272, 221, 111, 937, 1024, 1002, 1136, 1149, 1239, 1297, 1458, 1572, 1624, 1646, 1660, 1689, 1708, 1838, 1869, 103],
	Firing Rates: [8.0, 8.0, 7.0, 7.0, 7.0, 6.0, 6.0, 6.0, 6.0, 5.0, 5.0, 5.0, 5.0, 5.0, 5.0, 5.0, 5.0, 5.0, 5.0, 5.0, 5.0, 5.0, 5.0, 5.0, 5.0, 5.0, 5.0, 5.0, 5.0, 5.0, 5.0, 5.0, 5.0, 5.0, 5.0, 5.0]
Position: ((2, 2)),
	Top Res Neurons: [1080, 905, 1325, 639, 1179, 1197, 1953, 8, 1583, 218, 233, 253, 1016, 90, 164, 758, 331, 337, 629, 564, 503, 1019, 396, 343, 299, 1963, 1024, 1374, 1880, 1874, 1815, 1607, 1587, 1461, 1435, 1586, 896, 1250, 1266, 612, 44, 1918, 138, 201, 220, 890, 1678, 1327, 1618, 833, 1598, 1300, 1096, 715, 512, 679, 606, 278],
	Firing Rates: [8.0, 8.0, 8.0, 7.0, 7.0, 7.0, 7.0, 7.0, 7.0, 7.0, 7.0, 6.0, 6.0, 6.0, 6.0, 6.0, 6.0, 6.0, 6.0, 6.0, 6.0, 6.0, 6.0, 6.0, 6.0, 6.0, 6.0, 6.0, 6.0, 6.0, 6.0, 6.0, 6.0, 6.0, 6.0, 6.0, 6.0, 6.0, 6.0, 5.0, 5.0, 5.0, 5.0, 5.0, 5.0, 5.0, 5.0, 5.0, 5.0, 5.0, 5.0, 5.0, 5.0, 5.0, 5.0, 5.0, 5.0, 5.0]
Position: ((2, 3)),
	Top Res Neurons: [932, 1378, 653, 1901, 259, 651, 772, 1075, 780, 1627, 130, 1137, 1395, 223, 230, 1859, 267, 420, 459, 485, 610, 638, 1683, 1276, 744, 750, 1621, 778, 1885, 1402, 968, 1006, 1360],
	Firing Rates: [8.0, 7.0, 7.0, 6.0, 6.0, 6.0, 6.0, 6.0, 6.0, 6.0, 6.0, 5.0, 5.0, 5.0, 5.0, 5.0, 5.0, 5.0, 5.0, 5.0, 5.0, 5.0, 5.0, 5.0, 5.0, 5.0, 5.0, 5.0, 5.0, 5.0, 5.0, 5.0, 5.0]
Position: ((2, 4)),
	Top Res Neurons: [1060, 1115, 473, 1250, 1953, 1309, 570, 992, 1009, 1032, 504, 1183, 1210, 291, 1244, 278, 164, 1567, 1809, 1760, 1750, 68, 1583, 664, 1522, 85, 1475, 110, 1409, 787, 81, 394, 571, 583, 84, 48, 1142, 811, 884, 986, 1231, 1689, 1654, 1580, 1505, 1463, 114, 147, 1338, 188, 276, 1280, 806, 1215, 800, 1066, 528, 532, 575, 1824, 609, 862, 669, 683, 779, 874],
	Firing Rates: [10.0, 8.0, 8.0, 8.0, 7.0, 7.0, 7.0, 7.0, 7.0, 7.0, 7.0, 7.0, 7.0, 7.0, 7.0, 7.0, 7.0, 7.0, 7.0, 7.0, 7.0, 7.0, 7.0, 7.0, 7.0, 7.0, 7.0, 7.0, 7.0, 6.0, 6.0, 6.0, 6.0, 6.0, 6.0, 6.0, 6.0, 6.0, 6.0, 6.0, 5.0, 5.0, 5.0, 5.0, 5.0, 5.0, 5.0, 5.0, 5.0, 5.0, 5.0, 5.0, 5.0, 5.0, 5.0, 5.0, 5.0, 5.0, 5.0, 5.0, 5.0, 5.0, 5.0, 5.0, 5.0, 5.0]
Position: ((3, 0)),
	Top Res Neurons: [1918, 927, 1841, 145, 284, 1708, 1503, 999, 1994, 480, 540, 629, 679, 838, 865, 1024, 948, 1053, 1124, 1135, 1265, 1565, 1734, 1911, 95],
	Firing Rates: [8.0, 7.0, 7.0, 6.0, 6.0, 6.0, 6.0, 6.0, 5.0, 5.0, 5.0, 5.0, 5.0, 5.0, 5.0, 5.0, 5.0, 5.0, 5.0, 5.0, 5.0, 5.0, 5.0, 5.0, 5.0]
Position: ((3, 1)),
	Top Res Neurons: [188, 1966, 111, 350, 1153, 1105, 90, 119, 318, 450, 518, 633, 874, 1056, 1123, 1949, 1338, 1532, 1624, 1717, 1718, 1740, 1756, 1760, 1906, 1933, 78],
	Firing Rates: [7.0, 6.0, 6.0, 6.0, 6.0, 5.0, 5.0, 5.0, 5.0, 5.0, 5.0, 5.0, 5.0, 5.0, 5.0, 5.0, 5.0, 5.0, 5.0, 5.0, 5.0, 5.0, 5.0, 5.0, 5.0, 5.0, 5.0]
Position: ((3, 2)),
	Top Res Neurons: [730, 69, 171, 334, 1227, 1136, 1086, 111, 138, 329, 551, 552, 596, 697, 1934, 752, 1904, 968, 1105, 1236, 1244, 1409, 1560, 1658, 781],
	Firing Rates: [8.0, 6.0, 6.0, 6.0, 6.0, 6.0, 6.0, 5.0, 5.0, 5.0, 5.0, 5.0, 5.0, 5.0, 5.0, 5.0, 5.0, 5.0, 5.0, 5.0, 5.0, 5.0, 5.0, 5.0, 5.0]
Position: ((3, 3)),
	Top Res Neurons: [924, 1809, 1342, 1075, 979, 965, 963, 872, 571],
	Firing Rates: [6.0, 5.0, 5.0, 5.0, 5.0, 5.0, 5.0, 5.0, 5.0]
Position: ((3, 4)),
	Top Res Neurons: [870, 229, 1229, 1516, 658, 1239, 430, 1741, 287, 1689, 1572, 1783, 1066, 512, 726, 609, 655, 137, 443, 574, 374, 1920, 668, 735, 1862, 1013, 1214, 1359, 1723, 1740, 1788, 52],
	Firing Rates: [8.0, 8.0, 8.0, 8.0, 8.0, 7.0, 7.0, 6.0, 6.0, 6.0, 6.0, 6.0, 6.0, 6.0, 6.0, 6.0, 5.0, 5.0, 5.0, 5.0, 5.0, 5.0, 5.0, 5.0, 5.0, 5.0, 5.0, 5.0, 5.0, 5.0, 5.0, 5.0]
Position: ((4, 0)),
	Top Res Neurons: [1136, 924, 28, 1811, 1797, 1354, 474],
	Firing Rates: [7.0, 6.0, 6.0, 5.0, 5.0, 5.0, 5.0]
Position: ((4, 1)),
	Top Res Neurons: [890, 1516, 1741, 1530, 332, 347, 1359, 612, 643, 665, 85, 511, 1953, 753, 938, 1445, 1476, 1515, 1567, 38],
	Firing Rates: [8.0, 7.0, 7.0, 6.0, 6.0, 6.0, 6.0, 6.0, 6.0, 5.0, 5.0, 5.0, 5.0, 5.0, 5.0, 5.0, 5.0, 5.0, 5.0, 5.0]
Position: ((4, 2)),
	Top Res Neurons: [131, 574, 184, 811, 849, 862, 1045, 46, 1204, 1494, 1670, 1734, 1753, 1773, 193, 204, 469, 1904, 675, 761, 800, 1815, 1174, 837],
	Firing Rates: [9.0, 7.0, 7.0, 6.0, 6.0, 6.0, 6.0, 6.0, 6.0, 6.0, 6.0, 6.0, 6.0, 6.0, 5.0, 5.0, 5.0, 5.0, 5.0, 5.0, 5.0, 5.0, 5.0, 5.0]
Position: ((4, 3)),
	Top Res Neurons: [471, 1250, 1188, 901, 571, 1978, 420, 1397, 1317, 1308, 367, 413, 1027, 1080, 1095, 1148, 36, 262, 1515, 228, 1582, 1601, 1622, 1866, 854, 356, 501, 547, 627, 639, 118, 824, 1988, 898, 988, 1023, 1043, 1045, 1138, 1142, 1161, 1256, 1276, 1406, 1444, 1520, 1959, 1079],
	Firing Rates: [8.0, 7.0, 7.0, 7.0, 7.0, 7.0, 7.0, 7.0, 7.0, 7.0, 7.0, 7.0, 6.0, 6.0, 6.0, 6.0, 6.0, 6.0, 6.0, 6.0, 6.0, 6.0, 6.0, 6.0, 5.0, 5.0, 5.0, 5.0, 5.0, 5.0, 5.0, 5.0, 5.0, 5.0, 5.0, 5.0, 5.0, 5.0, 5.0, 5.0, 5.0, 5.0, 5.0, 5.0, 5.0, 5.0, 5.0, 5.0]
Position: ((4, 4)),
	Top Res Neurons: [1272, 1925, 1624, 1463, 458, 415, 405, 1621, 1633, 261, 225, 121, 54, 1767, 352, 620, 812, 1223, 10, 1516, 366, 189, 250, 1595, 1392, 1672, 539, 251, 1435, 843, 1001, 254, 113, 207, 85, 77, 1741, 1730, 1279, 1660, 302, 1583, 1520, 1508, 695, 1805, 1036, 1105, 1151, 938],
	Firing Rates: [9.0, 8.0, 8.0, 8.0, 8.0, 8.0, 8.0, 8.0, 8.0, 8.0, 8.0, 8.0, 8.0, 8.0, 7.0, 7.0, 7.0, 7.0, 7.0, 7.0, 6.0, 6.0, 6.0, 6.0, 6.0, 6.0, 6.0, 6.0, 6.0, 6.0, 6.0, 5.0, 5.0, 5.0, 5.0, 5.0, 5.0, 5.0, 5.0, 5.0, 5.0, 5.0, 5.0, 5.0, 5.0, 5.0, 5.0, 5.0, 5.0, 5.0]
Positions (0, 0) and (0, 2) share {420, 1797, 1918} neurons.
Positions (0, 0) and (0, 3) share {1565, 1918, 999} neurons.
Positions (0, 0) and (1, 2) share {585, 937} neurons.
Positions (0, 0) and (2, 1) share {1689, 937} neurons.
Positions (0, 0) and (2, 3) share {1378, 420, 932, 1683, 1627} neurons.
Positions (0, 0) and (2, 4) share {1689, 473, 85} neurons.
Positions (0, 0) and (3, 0) share {999, 1265, 1053, 1565, 1918} neurons.
Positions (0, 0) and (3, 4) share {1689, 1862} neurons.
Positions (0, 1) and (2, 1) share {1624, 1589} neurons.
Positions (0, 1) and (2, 4) share {1760, 394, 1338} neurons.
Positions (0, 1) and (3, 1) share {1760, 1153, 1966, 1105, 119, 1624, 1338, 350} neurons.
Positions (0, 1) and (4, 4) share {1624, 1105, 843} neurons.
Positions (0, 2) and (0, 4) share {1120, 534} neurons.
Positions (0, 2) and (1, 4) share {1792, 1601, 523, 111, 374, 1815, 1400} neurons.
Positions (0, 2) and (2, 1) share {1136, 1589, 1949, 111} neurons.
Positions (0, 2) and (2, 2) share {138, 1327, 278, 1815, 1918} neurons.
Positions (0, 2) and (2, 3) share {420, 653} neurons.
Positions (0, 2) and (2, 4) share {992, 1244, 278} neurons.
Positions (0, 2) and (3, 0) share {480, 1918} neurons.
Positions (0, 2) and (3, 1) share {1756, 1949, 111} neurons.
Positions (0, 2) and (3, 2) share {69, 551, 138, 111, 1136, 596, 697, 1244} neurons.
Positions (0, 2) and (4, 0) share {1136, 1354, 1797} neurons.
Positions (0, 2) and (4, 3) share {1601, 420, 228} neurons.
Positions (0, 3) and (3, 0) share {927, 1565, 1918, 999} neurons.
Positions (0, 4) and (1, 1) share {726, 1678} neurons.
Positions (0, 4) and (2, 2) share {1197, 1678} neurons.
Positions (0, 4) and (2, 3) share {1075, 778, 651, 1901} neurons.
Positions (0, 4) and (3, 4) share {1689, 726, 735} neurons.
Positions (1, 0) and (2, 3) share {1402, 230} neurons.
Positions (1, 0) and (4, 3) share {1444, 367, 1622, 1079, 824} neurons.
Positions (1, 1) and (2, 1) share {890, 1516, 1870} neurons.
Positions (1, 1) and (2, 2) share {512, 1586, 1678, 890} neurons.
Positions (1, 1) and (3, 4) share {512, 1516, 726, 1783, 668} neurons.
Positions (1, 1) and (4, 1) share {890, 347, 1516} neurons.
Positions (1, 2) and (2, 4) share {1953, 1309, 110} neurons.
Positions (1, 2) and (4, 2) share {849, 1204, 1773, 574} neurons.
Positions (1, 3) and (1, 4) share {474, 1411} neurons.
Positions (1, 3) and (2, 0) share {1435, 788} neurons.
Positions (1, 3) and (2, 1) share {474, 1516} neurons.
Positions (1, 3) and (2, 4) share {291, 1142} neurons.
Positions (1, 3) and (4, 1) share {1515, 1516} neurons.
Positions (1, 3) and (4, 3) share {1515, 1988, 501, 1142} neurons.
Positions (1, 3) and (4, 4) share {1730, 1435, 1516, 695} neurons.
Positions (1, 4) and (2, 1) share {474, 111} neurons.
Positions (1, 4) and (2, 2) share {629, 1815} neurons.
Positions (1, 4) and (3, 4) share {374, 1741, 870} neurons.
Positions (1, 4) and (4, 2) share {469, 1815} neurons.
Positions (1, 4) and (4, 4) share {843, 1741, 254, 207} neurons.
Positions (2, 0) and (2, 3) share {610, 1395} neurons.
Positions (2, 0) and (4, 3) share {1161, 854} neurons.
Positions (2, 1) and (2, 2) share {1024, 890, 564} neurons.
Positions (2, 1) and (3, 0) share {1024, 1708} neurons.
Positions (2, 1) and (3, 1) share {1624, 1949, 111} neurons.
Positions (2, 1) and (3, 2) share {1136, 111} neurons.
Positions (2, 1) and (3, 4) share {1689, 1572, 1516, 1239} neurons.
Positions (2, 1) and (4, 0) share {1136, 474} neurons.
Positions (2, 1) and (4, 1) share {890, 643, 1516} neurons.
Positions (2, 1) and (4, 4) share {1624, 1660, 812, 1516} neurons.
Positions (2, 2) and (2, 4) share {1953, 1250, 164, 1583, 278} neurons.
Positions (2, 2) and (3, 0) share {1024, 629, 1918, 679} neurons.
Positions (2, 2) and (4, 1) share {1953, 890, 612} neurons.
Positions (2, 2) and (4, 3) share {1080, 1250, 639} neurons.
Positions (2, 2) and (4, 4) share {1435, 1583} neurons.
Positions (2, 3) and (4, 3) share {420, 1276} neurons.
Positions (2, 4) and (3, 1) share {1760, 1338, 188, 874} neurons.
Positions (2, 4) and (3, 2) share {1409, 1244} neurons.
Positions (2, 4) and (3, 3) share {1809, 571} neurons.
Positions (2, 4) and (3, 4) share {1689, 1066, 609} neurons.
Positions (2, 4) and (4, 1) share {1953, 85, 1567} neurons.
Positions (2, 4) and (4, 2) share {800, 811, 862} neurons.
Positions (2, 4) and (4, 3) share {1250, 571, 1142} neurons.
Positions (2, 4) and (4, 4) share {1463, 85, 1583} neurons.
Positions (3, 1) and (3, 2) share {1105, 111} neurons.
Positions (3, 1) and (4, 4) share {1624, 1105} neurons.
Positions (3, 4) and (4, 1) share {1516, 1741, 1359} neurons.
Positions (3, 4) and (4, 4) share {1516, 1741} neurons.
Positions (4, 1) and (4, 4) share {938, 85, 1741, 1516} neurons.

Process finished with exit code 0
